#finish get first_pairs in 57
#first pairs: [((26, 44), (33, 42), 7), ((35, 38), (41, 46), 14), ((36, 41), (37, 25), 17), ((33, 42), (37, 27), 19), ((23, 46), (37, 27), 31), ((36, 41), (38, 26), 36), ((2, 2), (35, 25), 57), ((2, 2), (26, 42), 64), ((2, 4), (28, 41), 66), ((2, 4), (35, 43), 72), ((2, 9), (40, 45), 74), ((3, 2), (35, 44), 76), ((3, 4), (28, 43), 128), ((2, 4), (26, 42), 130)]
#first station: (2, 4), (26, 42), 130
# ct: 1
# ct: 2
#first station: (3, 4), (28, 43), 128
# ct: 3
#first station: (3, 2), (35, 44), 76
# ct: 4
# ct: 5
#first station: (2, 9), (40, 45), 74
# ct: 6
# ct: 7
#first station: (2, 4), (35, 43), 72
# ct: 8
#first station: (2, 4), (28, 41), 66
# ct: 9
#first station: (2, 2), (26, 42), 64
# ct: 10
# ct: 11
0 2 4
1 2 5
1 2 6
1 2 7
1 2 8
1 2 9
1 2 10
1 2 11
1 2 12
1 2 13
1 2 14
1 2 15
1 2 16
1 2 17
1 2 18
1 2 19
1 2 20
1 2 21
1 2 22
1 2 23
1 2 24
1 2 25
1 2 26
1 2 27
1 2 28
1 2 29
1 2 30
1 2 31
1 2 32
1 2 33
1 2 34
1 2 35
1 2 36
1 2 37
1 2 38
1 2 39
1 2 40
1 2 41
3 2 42
2 3 42
2 4 42
2 5 42
2 6 42
2 7 42
2 8 42
2 9 42
2 10 42
2 11 42
2 12 42
2 13 42
2 14 42
2 15 42
2 16 42
2 17 42
2 18 42
2 19 42
2 20 42
2 21 42
2 22 42
2 23 42
2 24 42
2 25 42
0 26 42
2 27 42
2 28 42
2 29 42
2 30 42
2 31 42
2 32 42
2 33 42
2 34 42
2 35 42
2 36 42
-1
-1
-1
-1
-1
-1
-1
-1
-1
-1
-1
-1
-1
-1
0 37 42
6 2 3
2 3 3
-1
-1
-1
-1
-1
-1
-1
-1
-1
-1
-1
-1
-1
-1
-1
-1
-1
-1
-1
-1
-1
-1
-1
0 4 3
1 26 41
1 26 40
1 26 39
1 26 38
1 26 37
1 26 36
1 26 35
1 26 34
1 26 33
1 26 32
1 26 31
1 26 30
1 26 29
1 26 28
1 26 27
1 26 26
1 26 25
1 26 24
1 26 23
6 26 22
-1
-1
-1
-1
0 27 22
1 27 23
1 27 24
1 27 25
1 27 26
3 27 27
-1
-1
-1
-1
-1
-1
-1
-1
-1
0 28 27
6 37 41
2 38 41
2 39 41
-1
-1
-1
-1
-1
-1
-1
0 40 41
-1
-1
-1
-1
-1
-1
-1
-1
0 31 42
5 27 21
2 26 21
2 25 21
2 24 21
-1
-1
-1
-1
0 23 21
2 29 27
2 30 27
2 31 27
2 32 27
-1
-1
0 33 27
-1
-1
-1
-1
-1
-1
0 5 42
1 33 28
1 33 29
1 33 30
3 33 31
2 34 31
2 35 31
2 36 31
2 37 31
2 38 31
0 39 31
1 4 2
6 4 1
2 5 1
2 6 1
2 7 1
0 8 1
-1
-1
-1
0 34 31
-1
-1
-1
-1
0 22 42
1 23 20
1 23 19
6 23 18
2 24 18
2 25 18
0 26 18
-1
-1
-1
0 23 19
6 33 26
2 34 26
2 35 26
2 36 26
2 37 26
0 38 26
1 40 40
1 40 39
6 40 38
2 41 38
0 42 38
1 26 17
1 26 16
1 26 15
6 26 14
2 27 14
2 28 14
0 29 14
1 4 4
1 4 5
0 4 6
2 22 21
2 21 21
2 20 21
6 19 21
1 19 22
1 19 23
0 19 24
0 28 42
1 22 43
1 22 44
1 22 45
3 22 46
0 23 46
4 28 22
6 28 21
0 29 21
-1
0 23 42
-1
-1
0 2 9
1 40 42
1 40 43
1 40 44
1 40 45
1 40 46
3 40 47
2 41 47
0 42 47
0 5 1
5 38 25
3 37 25
1 37 24
1 37 23
1 37 22
1 37 21
0 37 20
1 37 19
1 37 18
1 37 17
1 37 16
1 37 15
1 37 14
1 37 13
1 37 12
1 37 11
1 37 10
1 37 9
1 37 8
0 37 7
3 8 2
2 9 2
2 10 2
2 11 2
2 12 2
2 13 2
2 14 2
2 15 2
0 16 2
1 5 41
1 5 40
1 5 39
1 5 38
1 5 37
1 5 36
1 5 35
1 5 34
6 5 33
2 6 33
2 7 33
2 8 33
2 9 33
2 10 33
0 11 33
4 38 20
6 38 19
2 39 19
2 40 19
2 41 19
2 42 19
2 43 19
0 44 19
2 22 19
3 21 19
1 21 18
1 21 17
1 21 16
0 21 15
1 44 20
1 44 21
1 44 22
1 44 23
1 44 24
0 44 25
5 42 37
2 41 37
2 40 37
2 39 37
6 38 37
0 38 38
6 36 20
0 36 21
1 31 43
1 31 44
1 31 45
1 31 46
1 31 47
3 31 48
2 32 48
2 33 48
0 34 48
1 39 32
3 39 33
2 40 33
2 41 33
2 42 33
2 43 33
2 44 33
2 45 33
2 46 33
2 47 33
2 48 33
0 49 33
1 5 43
3 5 44
2 6 44
2 7 44
2 8 44
2 9 44
0 10 44
0 2 5
0 40 43
1 10 45
1 10 46
1 10 47
1 10 48
0 10 49
5 5 0
2 4 0
6 3 0
0 3 1
0 38 25
1 16 3
1 16 4
1 16 5
1 16 6
1 16 7
1 16 8
1 16 9
3 16 10
0 17 10
1 42 39
3 42 40
2 43 40
2 44 40
2 45 40
2 46 40
0 47 40
1 19 25
1 19 26
1 19 27
1 19 28
1 19 29
1 19 30
1 19 31
0 19 32
-1
-1
-1
-1
-1
-1
-1
-1
-1
-1
-1
-1
-1
-1
-1
-1
-1
-1
-1
-1
-1
-1
-1
-1
-1
-1
-1
-1
-1
-1
-1
-1
-1
-1
-1
-1
-1
-1
-1
-1
-1
-1
-1
-1
-1
-1
-1
-1
-1
-1
-1
-1
-1
-1
-1
-1
-1
-1
-1
-1
-1
-1
-1
-1
-1
-1
-1
-1
-1
-1
-1
-1
-1
-1
-1
-1
-1
-1
-1
-1
-1
-1
-1
-1
-1
-1
-1
-1
-1
-1
-1
-1
-1
-1
-1
-1
-1
-1
-1
-1
-1
-1
-1
-1
-1
-1
-1
-1
-1
-1
-1
-1
-1
-1
-1
-1
-1
-1
-1
-1
-1
-1
-1
-1
-1
-1
-1
-1
-1
-1
-1
-1
-1
-1
-1
-1
-1
-1
-1
-1
-1
-1
-1
-1
-1
-1
-1
-1
-1
-1
-1
-1
-1
-1
-1
-1
-1
-1
-1
-1
-1
-1
-1
-1
-1
-1
-1
-1
-1
-1
-1
-1
-1
-1
-1
-1
-1
-1
-1
-1
-1
-1
-1
-1
-1
-1
-1
-1
-1
-1
-1
-1
-1
-1
-1
-1
-1
-1
-1
-1
-1
-1
-1
-1
-1
-1
-1
-1
-1
-1
-1
-1
-1
-1
-1
-1
-1
-1
-1
-1
-1
-1
-1
-1
-1
-1
-1
-1
-1
-1
-1
-1
-1
-1
-1
-1
-1
-1
-1
-1
-1
-1
-1
-1
-1
-1
-1
-1
-1
-1
-1
-1
-1
-1
-1
-1
-1
-1
-1
-1
-1
-1
-1
-1
-1
-1
-1
-1
-1
-1
-1
-1
-1
-1
-1
-1
-1
-1
-1
-1
-1
-1
-1
-1
-1
-1
-1
-1
-1
-1
-1
-1
-1
-1
-1
-1
-1
-1
-1
-1
-1
-1
-1
-1
-1
-1
-1
-1
-1
-1
-1
-1
-1
-1
-1
-1
-1
-1
-1
-1
-1
-1
-1
-1
-1
-1
-1
-1
-1
-1
-1
-1
-1
-1
-1
-1
-1
-1
-1
-1
-1
-1
-1
-1
-1
-1
-1
-1
-1
-1
-1
-1
-1
-1
-1
-1
-1
-1
-1
-1
-1
-1
-1
-1
-1
-1
-1
-1
-1
-1
-1
-1
-1
-1
-1
-1
-1
-1
-1
-1
-1
