U U U U U U U U U U
D D D D D D D D D D
L L L L L L L L L L
R R R R R R R R R R
S S R R U S U L L R
S S R U U U R S R L
R S U R D D D D R R
L R D R L L L S S S
D D L D L D R D R D
U S S L L R S L D U
7
1
1
1
1
2
0
0
0
0
0
0
0
2
2
2
2
2
2
2
2
2
3
3
3
3
3
3
3
3
3
3
3
3
1
2
2
2
2
2
2
2
2
2
2
2
2
1
3
3
3
3
3
3
3
3
3
3
3
3
1
2
2
2
2
2
2
2
2
2
2
2
1
3
3
3
3
3
3
3
3
1
2
2
2
2
2
2
2
2
1
3
3
3
3
3
3
3
3
1
2
2
2
2
2
2
2
2
1
3
3
3
3
3
3
3
3
3
3
3
1
2
2
2
2
2
2
2
2
2
2
2
1
3
3
3
3
3
3
3
3
3
3
3
1
2
2
2
2
2
2
2
2
2
2
2
1
3
3
3
3
3
3
3
3
3
3
1
2
2
2
2
2
2
2
2
2
2
1
3
3
3
3
3
3
3
3
3
3
2
2
2
2
2
2
2
2
2
2
1
3
3
3
3
3
3
3
3
3
3
1
2
2
2
2
2
2
2
2
2
2
1
3
3
3
3
3
3
3
3
3
3
1
2
2
2
2
2
2
2
2
2
2
1
3
3
3
3
3
3
3
3
3
3
1
2
2
2
2
2
2
2
2
2
2
1
3
3
3
1
2
2
2
1
3
3
3
3
3
3
3
3
3
3
3
1
1
1
1
1
1
