50 50 11000 800
1 1 40 40
1 1 40 40
1 1 40 40
1 1 40 40
1 1 40 40
1 1 40 40
1 1 40 40
1 1 40 40
1 1 40 40
1 1 40 40
1 1 40 40
1 1 40 40
1 1 40 40
1 1 40 40
1 1 40 40
1 1 40 40
1 1 40 40
1 1 40 40
1 1 40 40
1 1 40 40
1 1 40 40
1 1 40 40
1 1 40 40
1 1 40 40
1 1 40 40
1 1 40 40
1 1 40 40
1 1 40 40
1 1 40 40
1 1 40 40
1 1 40 40
1 1 40 40
1 1 40 40
1 1 40 40
1 1 40 40
1 1 40 40
1 1 40 40
1 1 40 40
1 1 40 40
1 1 40 40
1 1 40 40
1 1 40 40
1 1 40 40
1 1 40 40
1 1 40 40
1 1 40 40
1 1 40 40
1 1 40 40
1 1 40 40
1 1 40 40
