0 1 3 6 4 5 2
58
-1
0 11 15
0 21 127
0 168 168
0 165 15
-1
-1
-1
0 165 165
3 23 73
0 60 60
-1
-1
0 90 90
0 2 42
3 169 41
1 150 97
-1
-1
-1
3 146 77
0 140 140
-1
-1
-1
7 184 166
2 16 23
2 133 16
-1
-1
-1
2 169 141
0 42 85
0 183 183
3 133 131
0 85 65
-1
-1
3 121 161
-1
-1
-1
0 0 0
-1
3 138 63
-1
0 142 150
-1
-1
0 85 144
-1
5 67 153
3 76 110
0 69 69
2 105 38
-1
7 184 32
-1
0 144 180
-1
3 98 72
-1
0 65 180
-1
-1
3 93 8
0 53 53
-1
-1
3 91 33
3 146 59
3 107 155
6 138 5
-1
-1
0 108 128
-1
-1
0 144 144
-1
-1
6 121 79
-1
0 115 115
1 23 97
-1
0 17 60
-1
-1
2 63 117
6 3 155
0 178 106
3 103 182
0 144 175
-1
-1
4 107 167
-1
3 22 151
0 17 60
4 155 167
0 116 128
-1
2 16 33
-1
-1
0 10 10
-1
0 113 113
0 28 28
0 166 166
-1
-1
-1
6 51 79
-1
-1
-1
-1
-1
0 148 39
0 28 116
-1
-1
0 137 73
-1
3 16 131
-1
-1
-1
0 73 53
0 40 40
-1
0 157 157
2 34 110
7 162 49
-1
0 175 175
-1
3 99 76
-1
0 56 100
-1
0 142 162
3 41 176
-1
5 178 9
-1
6 45 88
-1
0 183 183
-1
-1
-1
7 63 96
2 161 96
-1
-1
2 105 61
2 20 6
3 82 88
0 1 1
3 34 41
-1
-1
-1
-1
-1
0 27 27
0 131 137
-1
0 106 106
-1
0 27 27
-1
6 97 78
0 4 4
0 20 90
