Elapsed time: 1 ms
Elapsed time: 452 ms
Elapsed time: 988 ms
Elapsed time: 1428 ms
Elapsed time: 1859 ms
13 38
35 12
9 9
17 11
24 31
37 9
30 23
11 7
36 21
27 13
20 14
35 1
1 2
15 22
11 29
33 26
2 28
19 23
32 6
8 31
23 30
4 32
5 30
30 13
32 9
33 22
31 24
2 10
19 21
1 25
18 1
3 7
30 21
8 36
23 10
12 8
19 19
8 8
22 22
1 22
35 22
20 32
4 6
4 21
3 14
31 14
2 26
31 31
26 19
32 32
13 22
18 5
14 35
26 2
19 25
31 37
7 7
33 28
22 38
29 28
38 10
17 37
22 14
25 20
31 12
23 7
15 9
20 10
34 23
16 25
6 25
29 31
6 15
11 22
3 22
15 5
25 13
9 18
16 33
37 16
9 37
1 7
23 1
24 24
10 8
7 35
37 22
34 19
31 10
31 1
26 21
10 36
12 28
31 33
38 2
34 21
12 13
27 20
21 33
38 28
27 22
23 25
6 17
4 29
1 17
33 10
8 25
16 19
13 24
10 32
14 25
29 15
29 9
21 13
10 19
27 10
33 37
28 25
31 20
8 15
26 14
9 22
20 1
7 16
36 18
8 23
16 30
27 1
10 13
2 36
16 8
37 11
2 3
24 2
22 24
24 9
20 20
15 29
6 3
21 25
35 20
25 6
30 32
30 16
13 9
33 12
13 32
34 11
35 14
38 4
18 10
32 25
19 31
19 2
6 23
32 19
1 20
15 26
36 15
36 2
14 1
13 17
6 1
12 23
18 3
26 5
10 21
12 37
32 11
18 32
1 14
19 17
32 23
34 27
14 4
18 38
29 26
24 19
4 3
23 33
7 24
19 11
32 38
35 28
34 13
22 29
9 14
4 15
14 37
5 4
34 4
21 3
20 38
26 26
30 29
36 10
35 17
19 28
20 34
14 13
4 23
35 7
6 9
32 36
9 24
10 30
15 34
28 2
4 17
13 14
7 30
13 19
17 34
34 16
33 1
11 9
11 20
5 24
21 11
4 10
19 13
5 16
34 36
32 13
14 21
5 11
31 22
16 23
14 23
32 4
10 10
22 6
10 28
29 22
35 3
37 6
19 15
34 38
28 8
10 17
16 21
14 33
15 38
33 18
17 9
14 10
37 27
21 30
38 8
7 38
7 26
33 31
8 27
20 7
2 8
16 10
28 27
37 19
31 35
33 20
22 26
33 24
10 34
11 33
28 21
25 18
13 29
25 25
21 21
3 11
5 36
34 25
14 8
25 23
29 24
29 1
33 35
15 24
22 20
38 14
38 23
2 21
2 13
25 32
12 5
1 9
38 20
5 22
22 12
33 7
10 6
20 22
23 13
29 33
26 11
17 16
1 4
20 24
14 30
25 30
30 34
32 34
10 1
1 33
25 1
39 19
1 0
23 3
10 38
39 27
26 7
19 0
34 0
31 3
28 29
9 5
0 23
38 26
17 18
17 2
38 30
37 32
13 11
15 11
3 4
18 16
32 0
29 35
2 34
27 6
39 1
37 37
22 34
30 27
15 0
35 39
12 39
17 26
13 27
0 36
27 3
12 30
9 12
24 26
3 27
4 34
23 17
24 7
36 28
11 35
25 34
5 28
33 8
39 24
27 18
16 6
33 14
20 18
7 18
15 14
35 5
25 36
5 32
35 26
34 32
39 35
18 20
9 39
0 26
0 15
8 1
11 0
21 15
30 4
22 8
11 11
26 31
17 13
35 37
18 7
9 31
0 5
0 3
1 37
37 24
26 38
30 2
30 30
5 5
8 10
31 15
9 26
36 12
37 1
11 18
9 2
23 28
23 15
17 24
35 35
6 29
29 3
33 33
23 11
17 39
31 17
21 39
36 23
12 25
16 35
26 15
30 0
37 7
39 9
19 26
3 35
0 18
0 28
29 37
12 15
39 16
19 4
4 19
34 30
21 19
28 4
15 36
30 9
15 27
22 27
14 6
13 34
0 34
38 5
5 38
11 16
11 24
8 19
38 18
1 29
22 4
31 28
0 21
14 15
5 7
4 8
5 20
8 6
38 15
36 38
0 32
21 7
28 19
24 14
37 35
29 10
16 38
35 24
17 22
19 9
4 13
11 31
13 0
26 29
25 3
16 4
16 28
26 12
25 27
4 25
39 29
2 39
14 31
32 27
7 28
4 0
28 38
27 26
14 39
8 38
27 39
24 33
13 20
14 18
26 23
38 12
17 29
12 1
7 22
6 13
20 16
2 1
0 30
0 38
2 32
7 11
7 20
20 36
21 17
25 39
36 25
36 33
23 0
27 38
15 6
7 39
25 2
37 12
5 6
15 4
10 31
25 7
2 35
39 14
1 28
34 31
28 6
1 1
5 34
17 38
19 10
19 16
23 2
15 28
1 36
19 20
30 1
13 25
14 38
9 38
1 32
3 32
8 26
19 18
14 36
21 38
18 13
9 10
6 14
16 22
12 38
3 19
21 14
18 4
11 10
19 14
29 11
8 7
13 10
15 10
17 30
19 12
24 36
6 32
38 24
22 7
9 19
1 21
1 3
33 27
7 23
31 9
28 26
2 27
1 26
10 16
36 22
22 28
34 24
18 2
17 10
6 26
11 23
26 18
5 21
5 25
16 16
4 14
24 30
28 20
3 3
26 16
10 18
25 5
16 18
7 17
13 18
38 16
14 34
30 17
14 32
20 13
9 34
21 4
13 21
9 13
39 5
21 12
16 34
32 1
22 33
34 1
37 2
19 27
9 17
12 14
11 8
34 26
19 38
3 8
33 2
1 34
13 8
15 8
32 31
5 37
27 23
20 23
10 7
16 20
19 1
10 29
6 30
16 24
33 13
38 19
19 7
20 21
15 13
30 31
34 5
28 28
22 21
32 3
12 29
3 21
24 13
26 13
34 37
26 30
38 9
38 29
18 31
37 8
29 27
38 27
32 18
31 18
31 19
37 36
21 20
36 1
38 1
24 25
5 3
31 16
33 9
27 2
36 39
23 12
5 23
32 33
10 35
29 36
37 28
8 35
25 33
9 36
32 24
26 33
26 32
27 32
32 37
9 23
14 29
9 15
9 8
13 28
32 5
28 22
20 28
14 27
14 26
31 29
31 30
25 31
33 25
3 10
33 6
28 37
31 36
25 9
35 36
3 6
8 28
33 23
9 28
9 27
10 27
28 1
14 24
31 13
30 12
22 15
30 22
30 35
11 15
11 17
12 17
15 1
15 2
14 2
14 3
14 9
29 16
11 13
29 23
29 25
32 22
15 25
15 23
29 21
27 21
22 23
26 37
25 37
15 19
14 19
11 26
12 26
12 27
14 20
34 22
21 29
10 33
35 38
37 38
22 25
14 17
28 31
14 16
13 23
13 16
26 6
13 15
26 20
5 17
5 15
9 25
10 25
10 24
12 24
13 13
12 20
12 19
11 19
2 25
29 32
7 15
2 9
2 20
2 22
25 35
5 31
4 31
4 30
29 4
14 14
3 15
31 23
31 21
31 25
32 35
28 24
30 24
2 38
2 37
15 33
3 37
3 36
4 36
29 30
29 29
30 33
12 36
11 36
11 37
10 37
7 34
7 33
8 33
8 32
9 32
9 30
8 30
37 10
2 7
21 24
19 24
20 15
20 17
22 17
36 11
35 11
35 10
34 10
35 29
35 30
36 29
36 30
25 24
34 39
29 34
28 34
28 33
3 26
4 26
4 24
3 24
3 23
0 31
0 29
26 24
3 17
2 17
9 1
2 18
31 34
1 18
1 19
0 19
0 20
12 0
23 35
23 34
24 34
24 32
23 32
23 31
11 21
2 30
11 34
2 29
3 29
3 28
4 28
26 27
27 27
2 14
37 26
37 25
35 25
35 23
37 23
26 25
11 28
33 30
33 29
18 23
17 23
17 21
18 21
27 25
1 8
20 37
20 35
21 35
21 34
4 2
36 35
38 35
38 34
39 34
0 33
23 24
23 22
24 18
24 17
25 17
14 22
10 22
4 1
36 27
35 27
0 22
36 9
5 12
5 13
7 13
34 7
34 8
35 8
34 35
34 34
33 34
33 32
5 1
27 14
27 15
28 15
30 5
30 6
31 6
31 7
32 7
32 8
30 37
30 38
31 38
31 39
32 39
39 36
39 37
38 37
4 11
38 32
38 31
37 31
17 35
17 36
18 36
18 37
32 20
34 20
5 0
34 28
35 32
35 33
37 33
26 22
25 22
6 0
13 37
25 21
6 20
8 20
25 19
0 35
18 28
24 21
10 20
24 20
17 25
18 25
18 26
23 20
23 19
22 19
27 0
17 5
16 5
16 3
17 3
19 5
20 25
20 26
21 26
21 27
19 3
20 3
20 2
21 2
21 1
22 1
22 0
24 0
24 1
17 19
18 19
26 1
15 30
15 31
13 35
13 33
12 33
12 32
11 32
11 30
14 11
14 12
31 0
29 0
15 39
16 39
18 29
33 36
34 3
36 3
16 31
39 28
39 30
0 9
0 10
1 10
1 11
2 11
2 12
3 12
3 13
6 16
4 16
23 9
23 8
24 8
16 32
16 27
16 26
20 19
23 27
23 26
3 34
4 18
4 20
8 18
6 18
0 17
0 16
1 16
1 15
26 4
26 3
24 3
24 4
22 13
20 6
21 6
21 8
20 8
20 9
17 32
18 9
18 8
17 8
39 25
39 26
35 21
25 14
25 15
23 14
34 12
23 16
9 21
17 33
3 0
2 0
6 24
2 2
33 38
19 29
20 33
18 33
17 1
16 7
24 10
24 11
25 11
25 12
27 12
27 11
15 35
18 34
19 34
35 13
36 13
36 14
13 30
13 31
37 14
37 15
33 11
31 11
4 33
8 22
6 22
5 33
27 5
28 5
28 7
29 7
29 8
30 8
5 35
0 12
27 35
27 36
38 39
6 35
19 30
15 37
16 37
33 0
13 39
6 36
32 10
31 4
8 24
7 36
26 8
27 8
27 9
28 9
28 10
30 10
7 37
8 37
31 2
20 30
5 27
7 25
0 27
5 29
7 27
7 29
19 22
21 22
21 10
22 10
22 11
20 31
21 31
21 32
16 29
29 2
16 14
17 14
17 15
18 15
8 39
6 39
6 38
6 4
6 5
7 5
7 6
27 17
28 17
27 19
29 19
29 18
28 3
9 6
22 39
20 39
18 0
20 0
25 28
25 29
8 16
32 14
32 15
30 15
30 14
29 14
29 13
28 13
22 3
22 5
23 5
23 6
24 6
17 17
18 17
4 22
0 25
0 24
1 24
1 23
18 6
3 39
1 39
4 39
0 39
4 38
0 37
15 21
33 19
33 21
39 23
39 22
38 22
20 11
38 21
7 31
37 21
35 0
37 20
10 39
11 39
36 20
36 19
24 23
35 19
35 18
22 30
34 18
34 17
33 17
33 16
2 4
2 5
1 5
1 6
0 6
0 7
32 12
39 15
39 13
38 13
18 11
4 4
4 5
38 11
39 11
39 10
33 4
8 12
8 11
6 11
17 12
16 12
16 11
6 10
5 10
5 9
4 9
39 17
39 18
23 29
6 2
27 29
34 14
34 15
35 15
35 16
36 16
36 17
37 17
37 18
25 26
35 2
4 7
12 12
12 11
10 11
10 12
0 4
0 0
35 4
35 6
36 6
36 7
37 4
37 5
0 14
6 7
10 5
11 5
11 6
12 6
12 7
6 8
7 8
7 9
8 9
18 39
26 10
38 7
38 6
39 6
39 4
30 26
1 13
7 3
8 3
8 2
39 8
12 22
32 26
32 28
30 28
9 4
31 32
38 3
14 7
14 5
13 5
13 4
12 4
12 3
7 1
14 0
19 32
16 9
10 3
10 2
11 2
11 1
13 1
8 14
10 14
39 20
0 2
30 20
10 9
12 9
28 39
29 39
26 39
24 39
24 38
23 38
23 37
22 37
22 36
10 0
39 2
39 0
16 0
